Algo 3:

#KKRvMI
[0.556704761904762, 0.3601809523809524, 0.36324761904761915, 0.39180317460317454, 0.28949206349206347]
#HatsOffGeneral
[0.5512065573770494, 0.34857377049180316, 0.3657344262295083, 0.3835344262295082, 0.3112327868852459]
#AAPBreakUp
[0.4824, 0.4449333333333334, 0.44599999999999984, 0.49839999999999995, 0.39799999999999996]
#AAPKaSting
[0.517384, 0.420964, 0.390636, 0.4327319999999999, 0.37956399999999996]
#AAPWAR
[0.7349411764705883, 0.28094117647058825, 0.2952941176470588, 0.30388235294117644, 0.24988235294117644]

Algo 4:

#KKRvMI
[0.7462074205394457, 0.5345660377358491, 0.36526678839521215, 0.5464150943396225, 0.42622393713051787]
#HatsOffGeneral
[0.6559385804352247, 0.5851515151515151, 0.4570381231671554, 0.6407878787878786, 0.48634089487748006]
#AAPBreakUp
[0.513160198424278, 0.658608695652174, 0.5149135109864423, 0.7370434782608694, 0.5559507300758625]
#AAPKaSting
[0.6301374240971556, 0.6177142857142858, 0.3960914831882573, 0.6784761904761903, 0.5191548289109265]
#AAPWAR
[0.9884563758389262, 0.5514666666666667, 0.4148148148148148, 0.5954666666666666, 0.459537210756723]